-----------------------------
ground_binary:
[0, 1, 0, 0, 1, 0, 1, 0, 1, 1, 0, 0, 0, 0, 0, 0, 1, 0, 0, 0]
text_binary:
[0.9279979, 0.063827746, 0.95769113, 0.044384755, 0.22403125, 0.8911858, 0.6889552, 0.01893554, 0.0076182117, 0.84428465, 0.9636635, 0.57812595, 0.007343117, 0.024888916, 0.07498614, 0.0020319188, 0.58255965, 0.004049412, 0.004572986, 0.0035778424]
recall:
[1.         0.83333333 0.83333333 0.83333333 0.83333333 0.66666667
 0.66666667 0.5        0.5        0.33333333 0.16666667 0.
 0.         0.         0.         0.        ]
precision:
[0.4        0.35714286 0.38461538 0.41666667 0.45454545 0.4
 0.44444444 0.375      0.42857143 0.33333333 0.2        0.
 0.         0.         0.         1.        ]
thresholds:
[0.00761821 0.01893554 0.02488892 0.04438476 0.06382775 0.07498614
 0.22403125 0.57812595 0.58255965 0.6889552  0.84428465 0.8911858
 0.9279979  0.95769113 0.9636635 ]
-----------------------------
